[[0, 816.0, 0.4, 356.0],
 [1, 1236.0, 0.5, 202.0],
 [2, 1391.0, 0.5, 294.0],
 [4, 475.0, 0.9, 225.0],
 [7, 1526.0, 0.6, 356.0],
 [10, 1518.0, 0.8, 369.0],
 [12, 1216.0, 0.6, 251.0],
 [16, 149.0, 0.5, 370.0],
 [18, 607.0, 0.7, 359.0],
 [20, 950.0, 0.6, 207.0],
 [21, 1342.0, 1.1, 317.0],
 [27, 128.0, 0.9, 384.0],
 [28, 1389.0, 0.8, 131.0]]

Грузоподъёмность рюкзака: 13000.0 
Вес сложенного груза: 12743.0 
Вместимость рюкзака: 12.0 
Объем сложенного груза: 8.9 
Ценность сложенного груза: 3821.0